../../../../../../.git/annex/objects/5M/9V/MD5E-s310--da366f57f56db92c97f50bd37ac86095.csv/MD5E-s310--da366f57f56db92c97f50bd37ac86095.csv